#Def	POTCARs	Spin	GGA_PBEsol	GGA_PBEsol_mag	GGA_PBE	GGA_PBE_mag	Z	pricipal_quantum_num  
Ac	Ac_s	7	-0.60778853	0.4914	-0.79222893	0.5	89	7
Ag	Ag	5	0.044981785	1	-0.33924202	1	47	5
Al	Al	0	0.090672946	1	-0.21251193	1	13	3
Ar	Ar	0	0.64207458	0	-0.049128515	0	18	3
As	As	0	-1.1370564	3.0005	-1.6827583	3.0007	33	4
Au	Au	5	0.1142233	1	-0.28758495	1	79	6
B	B_s	0	0.036482689	1	-0.29043401	1	5	2
Ba	Ba_sv	0	0.2368068	0.0001	-0.03374851	0.0002	56	6
Be	Be	0	0.17614818	-0.0005	-0.025305405	-0.0004	4	2
Bi	Bi_d	5	-1.0763804	3.0001	-1.5167402	2.9998	83	6
Br	Br	0	0.43926888	1	-0.22165664	1	35	4
C	C_s	0	-0.92682408	2.0001	-1.2498365	2.0001	6	2
Ca	Ca_pv	0	0.076665843	-0.0005	-0.06240428	-0.001	20	4
Cd	Cd	5	0.233807	-0.0003	-0.16761512	-0.0003	48	5
Ce	Ce	7	-0.6008726	1.039	-1.1256226	1.1119	58	6
Cl	Cl	0	0.40337213	1	-0.25791538	1	17	3
Co	Co	5	-1.6222957	3.0005	-1.5909366	1.5819	27	4
Cr	Cr	5	-5.343194	6.0008	-3.2630029	2.2358	24	4
Cs	Cs_sv	0	0	0	-1.34E-01	1	55	6
Cu	Cu	5	0.008972818	1	-0.24224064	1	29	4
Dy	Dy_3	7	-0.069635892	1	-0.30627838	1	66	6
Er	Er_3	7	-0.086784885	1	-0.31873869	1	68	6
Eu	Eu	7	-4.7213297	6.8284	-8.1185849	6.4916	63	6
F	F_s	0	-0.25913801	1	-0.51346925	1	9	2
Fe	Fe	5	-2.8736265	3.999	-3.1758201	3.9987	26	4
Ga	Ga_d	0	-0.026333986	1	-0.32937027	1	31	4
Gd	Gd	7	-8.0049716	4.058	-9.7277403	4.7759	64	6
Ge	Ge_d	0	-0.49064806	2.0001	-0.87825356	1.9999	32	4
H	H	0	-0.89290916	1	-1.1170365	1	1	1
He	He	0	0.27502242	0	0.001699504	0	2	1
Hf	Hf	5	-3.1343953	2.0003	-3.4723262	2.0001	72	6
Hg	Hg	5	0.29905464	-0.0001	-0.12381599	-0.0002	80	6
Ho	Ho_3	7	-0.075253071	1	-0.30824411	1	67	6
I	I	0	0.49346624	1	-0.18894592	1	53	5
In	In_d	0	-0.027923752	1	-0.35488654	1	49	5
Ir	Ir	5	-1.0047807	2.9991	-1.4903451	2.9378	77	6
K	K_pv	0	-0.10147074	1	-0.15830885	1	19	4
Kr	Kr	0	0.48645392	0	-0.032482698	0	36	4
La	La_s	0	-0.11815947	-0.6051	-0.38139514	1.0128	57	6
Li	Li	0	-0.22286487	1	-0.29359543	1	3	2
Lu	Lu	7	-0.165479	1	-0.42679562	1	71	6
Mg	Mg	0	0.15320907	-0.0007	-0.037720897	-0.0004	12	3
Mn	Mn	5	-4.8792814	4.9998	-5.155336	5.0006	25	4
Mo	Mo	5	-4.3203013	6.0004	-0.94520905	0.6748	42	5
N	N_s	0	-2.8687621	3	-3.1388557	3	7	2
Na	Na	0	-0.14005735	1	-0.21946546	1	11	3
Nb	Nb_pv	0	-1.0915302	0.9548	-3.1683781	5.0027	41	5
Nd	Nd	7	-2.4050618	1.3213	-2.2840591	0.944	60	6
Ne	Ne	0	0.23493716	0	-0.011539219	0	10	2
Ni	Ni	5	-0.15564487	0.9144	-0.70949197	1.9998	28	4
Np	Np_s	7	-6.9053286	5.0044	-7.4065056	5.0001	93	7
O	O_s	0	-1.2935318	2	-1.5862007	2	8	2
Os	Os	5	-2.4234076	4.0016	-2.8923116	3.9999	76	6
P	P	0	-1.2799902	3.0005	-1.8874081	3.0004	15	3
Pa	Pa_s	7	-1.3273106	1.3198	-1.8208716	0.9486	91	7
Pb	Pb_d	5	-0.37319937	1.9992	-0.77534414	1.9994	82	6
Pd	Pd	5	-1.045548	-0.0002	-1.47738	-0.0001	46	5
Pm	Pm	7	-5.5494976	3.0867	-4.3247663	2.555	61	6
Pr	Pr	7	-2.0029548	1.9587	-2.6613234	2.8902	59	6
Pt	Pt	5	-0.12985974	2.0004	-0.55158829	1.9999	78	6
Pu	Pu_s	7	-7.3168443	4.3437	-12.738464	4.0951	94	7
Rb	Rb_pv	0	-0.088421433	1	-0.15532988	1	37	5
Re	Re	5	-4.1873076	5.0007	-4.6060757	5.0002	75	6
Rh	Rh	5	-0.89789784	2.925	-1.3610114	2.5587	45	5
Ru	Ru	5	-0.90379242	1.5379	-1.5902755	1.9609	44	5
S	S	0	-0.20799377	2.0001	-0.89109491	2.0001	16	3
Sb	Sb	0	-0.87510148	3.0007	-1.410107	3.0003	51	5
Sc	Sc_sv	0	-1.8276477	1	-2.0322635	1	21	4
Se	Se	0	-0.15043175	2.0001	-0.76893714	2.0001	34	4
Si	Si	0	-0.37968938	2.0003	-0.82556564	2.0003	14	3
Sm	Sm	7	0	0	0	0	62	6
Sn	Sn_d	0	-0.48588754	1.9999	-0.8356963	1.9999	50	5
Sr	Sr_sv	0	0.21771453	0.0002	-0.067645517	-0.0002	38	5
Ta	Ta	0	-3.1789227	3	-3.4665135	3.0005	73	6
Tb	Tb_3	7	-0.063498759	1	-0.20203091	1	65	6
Tc	Tc	5	-2.3976687	2.6461	-3.2787333	4.9963	43	5
Te	Te	0	-0.040351044	2.0003	-0.65676511	2.0001	52	5
Th	Th_s	7	-0.49727584	1.9993	-0.81360615	1.9997	90	7
Ti	Ti	0	-2.0950939	4.0005	-2.0861198	3.4605	22	4
Tl	Tl_d	0	0.091542162	1	-0.31700475	1	81	6
Tm	Tm	7	-7.2373975	1.1035	-5.1090393	0.9557	69	6
U	U_s	7	-3.9014379	3.7473	-4.4532925	3.8938	92	7
V	V	5	-3.4064196	5.0003	-3.5816683	4.9877	23	4
W	W	5	-4.2920674	6.0008	-2.7986758	-0.0408	74	6
Xe	Xe	0	0.5864456	-0.0001	-0.009075421	0	54	5
Y	Y_sv	0	-1.8898712	1	-2.1733802	1	39	5
Yb	Yb	7	0.18009823	0.0001	-0.19983167	-0.0003	70	6
Zn	Zn	0	0.13662636	-0.0002	-0.16440676	-0.0003	30	4
Zr	Zr	0	-2.020412	4.001	-1.9206773	4.0001	40	5
ZZZ	H.5	0	-0.17740175	0.5	-0.26031453	0.5	1	1
ZZZ	H.75	0	-0.44637959	0.7499	-0.59961452	0.7499	1	1
ZZZ	H_h	0	-0.84894654	1	-1.1084192	1	1	1
ZZZ	H1.25	0	-0.37089499	0.75	-0.59857486	0.7501	1	1
ZZZ	H1.5	0	-0.028114264	0.5	-0.27829102	0.5	1	1
ZZZ	Li_sv	0	-0.22693937	1	-0.29745717	1	3	2
ZZZ	Be_sv	0	0.19059506	-0.0003	-0.016378108	-0.0003	4	2
ZZZ	B	0	0.084593572	1	-0.26810184	1	5	2
ZZZ	B_h	0	0.15966828	1	-0.26995357	1	5	2
ZZZ	C	0	-0.72689699	1.9944	-1.2613752	2.0001	6	2
ZZZ	C_h	0	-0.56250171	2	-1.2234211	2	6	2
ZZZ	N	0	-2.5571966	3	-3.1239922	3	7	2
ZZZ	N_h	0	-2.1335984	3	-3.040444	3	7	2
ZZZ	O	0	-0.97586612	2	-1.5469511	2	8	2
ZZZ	O_h	0	-0.16920134	2	-1.2969554	2	8	2
ZZZ	F	0	0.034791508	1	-0.51703132	1	9	2
ZZZ	F_h	0	1.3193255	1	0.058458992	1	9	2
ZZZ	Na_pv	0	-0.14968403	1	-0.2297761	1	11	3
ZZZ	Na_sv	0	0.30789997	1	-0.032461767	1	11	3
ZZZ	Mg_pv	0	0.092307018	-0.0001	-0.097474221	-0.0009	12	3
ZZZ	Al_h	0	-0.70571979	0.8881	-3.1581166	0.1193	13	3
ZZZ	Si_h	0	-0.34758217	2.0002	-0.83650929	2	14	3
ZZZ	P_h	0	-1.1936502	3.0005	-1.8823353	3.0001	15	3
ZZZ	S_h	0	0.000860352	2.0001	-0.88594884	2.0001	16	3
ZZZ	Cl_h	0	0.76963564	1	-0.25907231	1	17	3
ZZZ	K_sv	0	0.03129468	1	-0.22644013	1	19	4
ZZZ	Ca_sv	0	0.13493778	0	-0.091835844	0	20	4
ZZZ	Ti_pv	0	-2.0531691	3.9998	-2.0038255	0.8959	22	4
ZZZ	Ti_sv	0	-2.1881082	3.0614	-2.5088011	2.6793	22	4
ZZZ	V_pv	5	-3.4868493	4.9995	-3.7518068	4.9995	23	4
ZZZ	V_sv	5	-3.5415745	4.9991	-3.7308268	4.9997	23	4
ZZZ	Cr_pv	5	-5.4226057	6.0003	-5.6018631	6.002	24	4
ZZZ	Mn_pv	5	-5.0400706	4.9999	-5.3251216	5	25	4
ZZZ	Fe_pv	5	-3.0788296	4.0058	-3.4138824	3.999	26	4
ZZZ	Ni_pv	5	-0.2513046	0.9433	-0.84546473	1.9999	28	4
ZZZ	Cu_pv	5	-0.22528006	1	-0.59996217	1	29	4
ZZZ	Ga	0	0.031288451	1	-0.20499681	1	31	4
ZZZ	Ga_h	0	0.25859103	1	-0.2083696	1	31	4
ZZZ	Ge	0	-0.37690347	2.0002	-0.7661331	2.0002	32	4
ZZZ	Ge_h	0	-0.26673312	2.0002	-0.77397376	2	32	4
ZZZ	Rb_sv	0	0.14910231	1	-0.18608155	1	37	5
ZZZ	Zr_sv	0	-1.8484705	2.0003	-2.284847	2.0005	40	5
ZZZ	Nb_sv	0	-2.6035298	5.0308	-3.1602878	4.9755	41	5
ZZZ	Mo_pv	5	-1.3962895	3.0697	-4.0679797	3.7706	42	5
ZZZ	Tc_pv	5	-3.0155047	4.9986	3.3870126	0.5704	43	5
ZZZ	Ru_pv	5	-0.95757662	1.6374	-1.8162951	1.8456	44	5
ZZZ	Rh_pv	5	-1.1759242	-3.0012	-1.4675991	2.5387	45	5
ZZZ	Pd_pv	5	-1.3286248	-0.0003	-1.7536618	-0.0004	46	5
ZZZ	In	0	0.004043491	1	-0.17883075	1	49	5
ZZZ	Sn	0	-0.4025344	2.0001	-0.65012936	2	50	5
ZZZ	Sm_3	7	-0.010834449	1	-0.31718269	1	52	5
ZZZ	La	0	-0.029319721	1.009	-0.40073986	1.2535	57	6
ZZZ	Ce_3	7	0.14260465	1	-0.19521952	1	58	6
ZZZ	Pr_3	7	0.11651095	1	-0.1940717	1	59	6
ZZZ	Nd_3	7	0.1054353	1	-0.20131989	1	60	6
ZZZ	Pm_3	7	0.010060645	1	-0.31007424	1	61	6
ZZZ	Eu_2	7	0.10275016	0.0001	-0.046660583	0.0003	63	6
ZZZ	Gd_3	7	0.022030439	1	-0.19806375	1	64	6
ZZZ	Er_2	7	0.17443304	-0.0006	0.001421022	0.0002	68	6
ZZZ	Tm_3	7	-0.025806905	1	-0.2553923	1	69	6
ZZZ	Yb_2	7	0.10300888	-0.0006	-0.063640967	-0.0001	70	6
ZZZ	Lu_3	7	-0.074871597	1	-0.3214387	1	71	6
ZZZ	Hf_pv	5	-3.1131066	2.0004	-3.53125	2.0001	72	6
ZZZ	Ta_pv	0	-3.0138644	3.0013	-3.7426549	3.0001	73	6
ZZZ	W_pv	5	-4.2792765	6.0004	-2.0818152	-0.3287	74	6
ZZZ	Re_pv	5	-4.2029528	4.9996	-4.7003926	4.9997	75	6
ZZZ	Os_pv	5	-2.3543478	4	-2.8969296	4.0015	76	6
ZZZ	Tl	0	-0.017705799	1	-0.16238343	1	81	6
ZZZ	Pb	5	-0.40037259	2.0002	-0.60231975	2.0002	82	6
ZZZ	Bi	5	-1.029866	3.0003	-1.3251333	3.0005	83	6
ZZZ	Ac	7	0.21839567	1	-0.1699282	1	89	7
ZZZ	Th	7	-0.54309571	1.9997	-0.98631745	2.0005	90	7
ZZZ	Pa	7	-1.5620066	1.2435	-1.9257203	2.0288	91	7
ZZZ	U	7	-3.9501294	3.5122	-4.8683157	3.8339	92	7
ZZZ	Np	7	-3.4435604	2.6416	-7.4544558	5.2099	93	7
ZZZ	Pu	7	-6.0082236	3.6858	-5.1219434	3.7332	94	7
